x_lim,polyfit_parameter1,polyfit_parameter2,polyfit_parameter3,polyfit_parameter4,polyfit_parameter5,polyfit_parameter6,polyfit_parameter7,polyfit_parameter8,polyfit_parameter9,polyfit_parameter10,polyfit_parameter11,polyfit_parameter12,polyfit_parameter13,polyfit_parameter14,polyfit_parameter15,polyfit_parameter16
1100,0.000,-0.000,0.000,-0.000,0.000,-0.000,0.000,-0.000,0.000,-0.000,0.000,-0.000,0.000,-0.005,0.097,237.876
1000,0.000,-0.000,0.000,-0.000,0.000,-0.000,0.000,-0.000,0.000,-0.000,0.000,-0.000,0.000,-0.011,0.221,366.574
2048,0.000,-0.000,0.000,-0.000,0.000,-0.000,0.000,-0.000,0.000,-0.000,0.000,-0.000,0.000,-0.001,0.027,383.230
2048,0.000,-0.000,0.000,-0.000,0.000,-0.000,0.000,-0.000,0.000,-0.000,0.000,-0.000,0.000,-0.001,0.016,510.232
2048,0.000,-0.000,0.000,-0.000,0.000,-0.000,0.000,-0.000,0.000,-0.000,0.000,-0.000,0.000,-0.001,0.016,510.232
2048,0.000,-0.000,0.000,-0.000,0.000,-0.000,0.000,-0.000,0.000,-0.000,0.000,-0.000,0.000,-0.000,0.014,639.747
2048,0.000,-0.000,0.000,-0.000,0.000,-0.000,0.000,-0.000,0.000,-0.000,0.000,-0.000,0.000,-0.000,0.017,648.318
2048,-0.000,0.000,-0.000,0.000,-0.000,0.000,-0.000,0.000,-0.000,0.000,-0.000,0.000,-0.000,0.000,0.016,770.236
2048,0.000,-0.000,0.000,-0.000,0.000,-0.000,0.000,-0.000,0.000,-0.000,0.000,-0.000,0.000,-0.000,0.008,819.837
2048,-0.000,0.000,-0.000,0.000,-0.000,0.000,-0.000,0.000,-0.000,0.000,0.000,-0.000,0.000,0.000,0.001,939.773